def create_data_model():
    """Stores the data for the problem."""
    data = {}
    data['time_matrix'] = [[0, 0, 0, 0, 0, 0, 0, 0, 0, 0, 0],
                           [0, 0, 87, 43, 126, 225, 305, 200, 259, 268, 242],
                           [0, 87, 0, 76, 44, 191, 257, 142, 215, 224, 194],
                           [0, 43, 76, 0, 98, 245, 311, 196, 270, 278, 248],
                           [0, 126, 44, 98, 0, 183, 249, 134, 207, 216, 186],
                           [0, 225, 191, 245, 183, 0, 206, 128, 84, 93, 143],
                           [0, 305, 257, 311, 249, 206, 0, 265, 178, 155, 96],
                           [0, 200, 142, 196, 134, 128, 265, 0, 125, 133, 138],
                           [0, 259, 215, 270, 207, 84, 178, 125, 0, 40, 110],
                           [0, 268, 224, 278, 216, 93, 155, 133, 40, 0, 79],
                           [0, 242, 194, 248, 186, 143, 96, 138, 110, 79, 0]]
    data['time_windows'] = [(0, 0), (0, 300), (0, 420), (0, 500),
                            (0, 340), (0, 220), (0, 332), (0, 234),
                            (0, 423), (0, 350), (0, 630)]
    data['num_engineers'] = 3
    data['starts'] = [6, 2, 3]
    data['ends'] = [0, 0, 0]
    return data
